my_each vs. each
  0.000361   0.000193   0.000554 (  0.000552)

  0.000018   0.000010   0.000028 (  0.000028)

my_each_with_index vs. each_with_index
  0.000068   0.000036   0.000104 (  0.000088)

  0.000039   0.000021   0.000060 (  0.000059)

my_select vs. select
  0.000025   0.000014   0.000039 (  0.000040)

  0.000020   0.000010   0.000030 (  0.000031)

my_all? vs. all?
  0.000038   0.000021   0.000059 (  0.000059)

  0.000013   0.000007   0.000020 (  0.000020)

my_none? vs. none?
  0.000019   0.000010   0.000029 (  0.000029)

  0.000014   0.000007   0.000021 (  0.000021)

my_count vs. count
  0.000022   0.000011   0.000033 (  0.000033)

  0.000017   0.000009   0.000026 (  0.000025)

my_map vs. map
  0.000024   0.000013   0.000037 (  0.000036)

  0.000042   0.000000   0.000042 (  0.000042)

my_inject vs. inject
  0.000038   0.000000   0.000038 (  0.000038)

  0.000025   0.000000   0.000025 (  0.000025)

